v2.0 raw
405 255*0 2 405 254*0 8 2 405
3581*0 120 2 405 253*0 140 2 405
253*0 180 2 405 253*0 2 104 2
405 252*0 118 2 405 253*0 118 2
405 253*0 118 2 405 253*0 118 2
405 253*0 118 2 405 253*0 118 2
405 253*0 118 2 405 253*0 118 2
405 253*0 118 2 405 253*0 118 2
405 253*0 118 2 405 253*0 118 2
405 253*0 220 2 405 253*0 240 2
405 253*0 280 2 405 253*0 2 204
2 405 252*0 218 2 405 253*0 218
2 405 253*0 218 2 405 253*0 218
2 405 253*0 218 2 405 253*0 218
2 405 253*0 218 2 405 253*0 218
2 405 253*0 218 2 405 253*0 218
2 405 253*0 218 2 405 253*0 218
2 405 253*0 820 2 405 253*0 840
2 405 253*0 880 2 405 253*0 2
804 2 405 252*0 818 2 405 253*0
818 2 405 253*0 818 2 405 253*0
818 2 405 253*0 818 2 405 253*0
818 2 405 253*0 818 2 405 253*0
818 2 405 253*0 818 2 405 253*0
818 2 405 253*0 818 2 405 253*0
818 2 405 509*0 3000 2 405 253*0
5000 2 405 253*0 7000 2 405 253*0
9000 2 405 253*0 b000 2 405 253*0
d000 2 405 253*0 f000 2 405 253*0
11000 2 405 253*0 13000 2 405 253*0
15000 2 405 253*0 17000 2 405 253*0
19000 2 405 253*0 1b000 2 405 253*0
1d000 2 405 253*0 1f000 2 405 205
